     0/149     15.9G   0.07667    0.1448         0    0.2214      2891       640      0.12    0.1249   0.02341  0.004452   0.06994     0.465         0
     1/149     15.8G   0.06258    0.1271         0    0.1896      2628       640    0.2679    0.2962    0.1277   0.02857   0.07178    0.2903         0
     2/149     15.8G   0.04121    0.1378         0     0.179      1936       640    0.6259    0.6501    0.5789    0.1837   0.06988    0.3111         0
     3/149     15.8G   0.03534    0.1334         0    0.1687      2890       640    0.5764    0.5888    0.5234    0.1479   0.06766    0.3248         0
     4/149     15.8G   0.03607    0.1376         0    0.1737      1624       640    0.8403    0.8156    0.8055     0.326   0.06506    0.3024         0
     5/149     15.8G   0.03103    0.1278         0    0.1588      2589       640     0.866    0.8559    0.8257    0.2972   0.06019    0.3124         0
     6/149     15.8G   0.03116    0.1337         0    0.1649      2670       640    0.8778    0.8533    0.8426    0.3233   0.05824    0.3208         0
     7/149     15.8G   0.02869     0.127         0    0.1557      2069       640     0.959     0.896    0.9044    0.4478   0.05666     0.325         0
     8/149     15.8G   0.02677    0.1166         0    0.1434      2548       640    0.9667    0.9121    0.9175    0.4846   0.05564    0.3289         0
     9/149     15.8G    0.0265    0.1148         0    0.1413      1480       640    0.9814    0.9231    0.9251    0.5376   0.05426    0.3506         0
    10/149     15.8G   0.02384    0.1116         0    0.1354      2589       640    0.9814    0.9233    0.9303    0.5311   0.05318    0.3713         0
    11/149     15.8G   0.02818    0.1138         0     0.142      2302       640    0.9832     0.925    0.9309    0.5559   0.05188    0.3772         0
    12/149     15.8G   0.02641    0.1106         0     0.137      2836       640    0.9834    0.9274    0.9335    0.5679   0.05187    0.3909         0
    13/149     15.8G   0.02632    0.1117         0     0.138      3623       640    0.9848    0.9302    0.9336    0.5552   0.05282    0.3888         0
    14/149     15.8G   0.02754    0.1122         0    0.1397      1916       640    0.9857    0.9309    0.9337    0.5522   0.05159     0.404         0
    15/149     15.8G   0.02832    0.1102         0    0.1385      2645       640    0.9872    0.9327    0.9353    0.5815   0.05097    0.3828         0
    16/149     15.8G   0.02693    0.1114         0    0.1384      2967       640    0.9878    0.9336     0.936    0.5859   0.05082    0.4017         0
    17/149     15.8G   0.02599    0.1109         0    0.1369      2255       640    0.9898    0.9323     0.936    0.5948   0.05034    0.4134         0
    18/149     15.8G   0.02951    0.1119         0    0.1414      3403       640    0.9863    0.9318    0.9352    0.5925    0.0506    0.3957         0
    19/149     15.8G   0.02744    0.1099         0    0.1374      2540       640    0.9898    0.9342    0.9374    0.5959   0.04997    0.4097         0
    20/149     15.8G   0.02753    0.1086         0    0.1361      2089       640    0.9898    0.9351     0.937    0.6038   0.04923    0.4143         0
    21/149     15.8G   0.02955    0.1099         0    0.1395      2550       640    0.9904    0.9359    0.9382    0.6047   0.04966    0.4154         0
    22/149     15.8G    0.0264     0.111         0    0.1374      2173       640    0.9887    0.9354    0.9386    0.5974   0.05013     0.402         0
    23/149     15.8G   0.02604    0.1119         0    0.1379      4293       640    0.9892    0.9354     0.938    0.6051   0.04954    0.4086         0
    24/149     15.8G   0.02932    0.1113         0    0.1406      2497       640    0.9911    0.9343     0.938     0.602   0.04933    0.4015         0
    25/149     15.8G   0.02642    0.1088         0    0.1352      2361       640    0.9911    0.9329    0.9378    0.6115   0.04945    0.4048         0
    26/149     15.8G   0.02677    0.1109         0    0.1377      2430       640    0.9913    0.9353    0.9391    0.6128   0.04924    0.4153         0
    27/149     15.8G   0.02791    0.1097         0    0.1376      2809       640    0.9929    0.9342    0.9396    0.6111   0.04934    0.4136         0
    28/149     15.8G   0.02473    0.1114         0    0.1362      3382       640     0.991     0.935    0.9394    0.6188   0.04872    0.4124         0
    29/149     15.8G    0.0257    0.1065         0    0.1322      2201       640     0.992    0.9349    0.9389    0.6175   0.04921    0.4028         0
    30/149     15.8G   0.02526    0.1076         0    0.1329      2310       640     0.991    0.9349     0.939    0.6164   0.04936    0.4041         0
    31/149     15.8G   0.02634    0.1074         0    0.1337      1876       640    0.9908    0.9368    0.9397     0.623   0.04911    0.4116         0
    32/149     15.8G   0.02823    0.1091         0    0.1374      2943       640     0.993    0.9367    0.9401    0.6172    0.0493    0.4161         0
    33/149     15.8G   0.02554    0.1093         0    0.1348      1599       640    0.9928    0.9366     0.942    0.6166   0.04972    0.4015         0
    34/149     15.8G   0.02827    0.1078         0    0.1361      4032       640    0.9913    0.9367    0.9404    0.6205   0.04956    0.4156         0
    35/149     15.8G   0.02446    0.1092         0    0.1337      2267       640    0.9905    0.9369    0.9407    0.6243    0.0489     0.416         0
    36/149     15.8G   0.02825    0.1066         0    0.1349      2664       640     0.993     0.936    0.9403    0.6226   0.04922    0.4069         0
    37/149     15.8G   0.02849    0.1072         0    0.1357      3481       640    0.9922    0.9368    0.9408    0.6268   0.04934    0.4029         0
    38/149     15.8G   0.02871    0.1074         0    0.1361      2737       640    0.9921    0.9374    0.9406    0.6233    0.0496    0.3932         0
    39/149     15.8G   0.02498    0.1077         0    0.1327      2883       640    0.9926    0.9365    0.9406    0.6303   0.04953    0.4059         0
    40/149     15.8G   0.02426    0.1077         0     0.132      4144       640    0.9921    0.9355    0.9401    0.6298    0.0504    0.3881         0
    41/149     15.8G   0.02588    0.1082         0    0.1341      2849       640    0.9928    0.9368    0.9407    0.6351   0.04965    0.3936         0
    42/149     15.8G   0.02441    0.1059         0    0.1303      3042       640     0.991    0.9372    0.9405    0.6305   0.04972      0.41         0
    43/149     15.8G   0.02737      0.11         0    0.1373      2684       640    0.9921     0.938    0.9412    0.6395    0.0501    0.3964         0
    44/149     15.8G   0.02818    0.1069         0     0.135      3994       640    0.9939    0.9347    0.9413    0.6345   0.04932    0.4068         0
    45/149     15.8G   0.02698    0.1062         0    0.1332      2226       640    0.9923    0.9374    0.9411     0.642   0.04977    0.3954         0
    46/149     15.8G   0.02783     0.106         0    0.1339      2315       640    0.9923    0.9372    0.9408     0.643   0.05003    0.4009         0
    47/149     15.8G   0.02535    0.1069         0    0.1323      3367       640    0.9927    0.9366    0.9414    0.6378   0.05016     0.388         0
    48/149     15.8G   0.02735    0.1085         0    0.1359      2451       640    0.9935     0.936    0.9405    0.6414   0.04931    0.4126         0
    49/149     15.8G   0.02761    0.1046         0    0.1322      2275       640    0.9918    0.9387    0.9426    0.6421   0.04881    0.4144         0
    50/149     15.8G   0.02634    0.1062         0    0.1325      2050       640    0.9912    0.9377    0.9406    0.6373   0.04942     0.393         0
    51/149     15.8G   0.02475    0.1068         0    0.1316      2055       640    0.9931    0.9365    0.9412    0.6424   0.04918    0.4058         0
    52/149     15.8G   0.03132    0.1108         0    0.1421      1699       640    0.9929    0.9373    0.9433    0.6446   0.04957    0.3842         0
    53/149     15.8G   0.02796    0.1047         0    0.1327      3554       640    0.9926    0.9374     0.942    0.6476   0.04857    0.3997         0
    54/149     15.8G   0.02638    0.1045         0    0.1309      5013       640    0.9924    0.9378    0.9428    0.6456   0.04894    0.3954         0
    55/149     15.8G   0.02644    0.1038         0    0.1303      2308       640    0.9931    0.9388     0.943    0.6501   0.04852     0.402         0
    56/149     15.8G    0.0244    0.1052         0    0.1296      3349       640     0.993    0.9382     0.943     0.653   0.04846    0.3998         0
    57/149     15.8G   0.02629    0.1031         0    0.1293      2453       640     0.992    0.9387    0.9428    0.6524    0.0482    0.4104         0
    58/149     15.8G   0.02891    0.1029         0    0.1318      2481       640    0.9931    0.9373    0.9426    0.6456   0.04825    0.3984         0
    59/149     15.8G   0.02847    0.1062         0    0.1347      2833       640    0.9929    0.9362    0.9429    0.6534    0.0482    0.3993         0
    60/149     15.8G   0.02711    0.1058         0    0.1329      2024       640     0.993    0.9385    0.9442    0.6568   0.04745    0.4037         0
    61/149     15.8G   0.02617    0.1028         0     0.129      2619       640    0.9932    0.9382    0.9433    0.6532   0.04751    0.4058         0
    62/149     15.8G   0.02449    0.1022         0    0.1266      2385       640    0.9917    0.9385    0.9436    0.6556   0.04784    0.4035         0
    63/149     15.8G   0.02361    0.1044         0     0.128      2650       640    0.9922    0.9381    0.9426    0.6619   0.04739    0.3947         0
    64/149     15.8G   0.02451    0.1034         0    0.1279      1807       640     0.994    0.9365    0.9434    0.6583   0.04748    0.4036         0
    65/149     15.8G   0.02287    0.1036         0    0.1264      1794       640     0.993    0.9399    0.9441    0.6604    0.0472    0.4124         0
    66/149     15.8G   0.02417    0.1068         0     0.131      2506       640    0.9929    0.9384    0.9436    0.6612   0.04705    0.4008         0
    67/149     15.8G    0.0234    0.1039         0    0.1274      2141       640    0.9931    0.9391    0.9436    0.6621   0.04653    0.4177         0
    68/149     15.8G   0.02649    0.1028         0    0.1293      2703       640    0.9929    0.9384    0.9437    0.6642   0.04658    0.4076         0
    69/149     15.8G   0.02652    0.1035         0      0.13      2067       640    0.9935    0.9383    0.9441    0.6647   0.04742    0.3973         0
    70/149     15.8G   0.02064     0.103         0    0.1236      3343       640    0.9933    0.9389    0.9442    0.6655   0.04619    0.4219         0
    71/149     15.8G   0.02354    0.1054         0     0.129      2500       640    0.9934    0.9385    0.9442    0.6554    0.0467    0.4149         0
    72/149     15.8G   0.02667    0.1054         0    0.1321      2787       640    0.9942    0.9377    0.9438    0.6583    0.0467    0.4227         0
    73/149     15.8G   0.02807    0.1022         0    0.1303      2417       640    0.9928    0.9381    0.9429    0.6608   0.04644    0.4208         0
    74/149     15.8G    0.0258    0.1048         0    0.1306      2205       640    0.9946    0.9384    0.9443     0.668   0.04603     0.417         0
    75/149     15.8G   0.02152    0.1044         0     0.126      3034       640    0.9937    0.9396    0.9443    0.6679   0.04701    0.4104         0
    76/149     15.8G   0.02234    0.1011         0    0.1234      2927       640    0.9937    0.9394    0.9447    0.6709   0.04645    0.4186         0
    77/149     15.8G   0.02195    0.1041         0     0.126      1785       640    0.9933    0.9393    0.9446    0.6721   0.04627    0.4277         0
    78/149     15.8G   0.02468    0.1021         0    0.1268      2578       640    0.9941    0.9389    0.9444    0.6752   0.04618    0.4211         0
    79/149     15.8G   0.02153     0.103         0    0.1246      3170       640    0.9939    0.9396    0.9448    0.6743   0.04625    0.4127         0
    80/149     15.8G   0.02277    0.1032         0    0.1259      4282       640     0.994    0.9405    0.9451     0.676   0.04629    0.4168         0
    81/149     15.8G   0.02212    0.1044         0    0.1266      1590       640    0.9941    0.9384    0.9439    0.6755   0.04648    0.4203         0
    82/149     15.8G   0.02526    0.1012         0    0.1264      3046       640     0.994    0.9396    0.9446    0.6789   0.04589    0.4254         0
    83/149     15.8G   0.02202    0.1001         0    0.1221      3104       640    0.9945    0.9393    0.9446     0.679   0.04606    0.4201         0
    84/149     15.8G   0.02434    0.1016         0    0.1259      1995       640    0.9943    0.9394    0.9446    0.6811   0.04572    0.4309         0
    85/149     15.8G   0.02213    0.1012         0    0.1233      3554       640    0.9946    0.9387    0.9449    0.6809   0.04618    0.4297         0
    86/149     15.8G   0.02139    0.1003         0    0.1217      2876       640    0.9948    0.9391    0.9451    0.6827   0.04569     0.426         0
    87/149     15.8G    0.0248    0.1011         0    0.1259      2326       640     0.994    0.9399    0.9451    0.6837   0.04608     0.431         0
    88/149     15.8G   0.02306   0.09965         0    0.1227      2617       640    0.9952    0.9394    0.9451    0.6831   0.04594    0.4285         0
    89/149     15.8G   0.02495    0.1009         0    0.1259      2076       640    0.9944    0.9398    0.9452    0.6829   0.04562    0.4443         0
    90/149     15.8G   0.02266   0.09966         0    0.1223      2062       640    0.9947    0.9398    0.9451    0.6846   0.04533    0.4395         0
    91/149     15.8G   0.02096   0.09664         0    0.1176      2899       640    0.9953    0.9393     0.945    0.6859   0.04515    0.4338         0
    92/149     15.8G   0.02597    0.1034         0    0.1294      2816       640     0.994    0.9401    0.9453    0.6864   0.04554    0.4422         0
    93/149     15.8G    0.0293    0.1001         0    0.1294      3496       640    0.9946    0.9406    0.9455    0.6867   0.04517    0.4462         0
    94/149     15.8G   0.02468   0.09859         0    0.1233      2561       640    0.9945      0.94    0.9455    0.6878   0.04552    0.4427         0
    95/149     15.8G   0.02602    0.1004         0    0.1264      1989       640    0.9946    0.9407    0.9456    0.6903   0.04512    0.4408         0
    96/149     15.8G   0.02279    0.1039         0    0.1267      2486       640    0.9944    0.9389    0.9447    0.6872   0.04556    0.4363         0
    97/149     15.8G   0.02237   0.09877         0    0.1211      1705       640     0.995    0.9406    0.9457    0.6885    0.0457    0.4495         0
    98/149     15.8G   0.02222   0.09763         0    0.1199      3154       640    0.9947    0.9398    0.9449    0.6926   0.04467    0.4542         0
    99/149     15.8G   0.02103   0.09774         0    0.1188      2039       640    0.9952    0.9403    0.9455    0.6913   0.04476    0.4564         0
   100/149     15.8G   0.02482   0.09797         0    0.1228      2459       640    0.9949    0.9395    0.9454     0.691   0.04483    0.4531         0
   101/149     15.8G   0.02474    0.1008         0    0.1255      3171       640    0.9934    0.9406    0.9456    0.6933   0.04475    0.4526         0
   102/149     15.8G   0.02205       0.1         0    0.1221      2352       640    0.9942      0.94    0.9452    0.6956   0.04475    0.4561         0
   103/149     15.8G   0.02082   0.09737         0    0.1182      2540       640    0.9944    0.9401    0.9454    0.6969   0.04464    0.4564         0
   104/149     15.8G    0.0266   0.09892         0    0.1255      3155       640    0.9944    0.9406    0.9455    0.6968   0.04455     0.459         0
   105/149     15.8G   0.02154   0.09904         0    0.1206      2938       640    0.9949    0.9399    0.9459    0.6957   0.04477    0.4559         0
   106/149     15.8G   0.02163   0.09896         0    0.1206      3115       640    0.9949    0.9405    0.9453    0.6981   0.04427    0.4602         0
   107/149     15.8G   0.02072    0.0961         0    0.1168      3069       640    0.9948    0.9403    0.9453    0.6992   0.04414    0.4588         0
   108/149     15.8G   0.02423   0.09773         0     0.122      3062       640    0.9942    0.9408    0.9457    0.6992   0.04436    0.4616         0
   109/149     15.8G   0.02292    0.1002         0    0.1232      3497       640    0.9948    0.9397    0.9457    0.7003   0.04414      0.46         0
   110/149     15.8G   0.02215   0.09662         0    0.1188      3275       640    0.9942    0.9406    0.9459    0.7006   0.04394    0.4657         0
   111/149     15.8G   0.02225   0.09914         0    0.1214      2573       640    0.9951    0.9402    0.9457    0.7003   0.04397    0.4662         0
   112/149     15.8G   0.02226   0.09774         0      0.12      1878       640     0.994    0.9406    0.9455    0.7021   0.04413    0.4617         0
   113/149     15.8G   0.02331   0.09542         0    0.1187      2880       640    0.9944    0.9409    0.9459    0.7008   0.04423    0.4584         0
   114/149     15.8G   0.02388   0.09669         0    0.1206      2441       640    0.9947    0.9399    0.9455     0.702    0.0441    0.4622         0
   115/149     15.8G    0.0225   0.09763         0    0.1201      1539       640     0.995    0.9406    0.9459    0.7024   0.04442    0.4582         0
   116/149     15.8G   0.02479   0.09732         0    0.1221      1790       640    0.9945    0.9411    0.9457    0.7023   0.04409    0.4647         0
   117/149     15.8G   0.02199   0.09467         0    0.1167      3333       640    0.9947    0.9402    0.9457    0.7029   0.04439    0.4605         0
   118/149     15.8G   0.02436    0.0962         0    0.1206      2970       640    0.9943    0.9406    0.9457     0.705    0.0443     0.458         0
   119/149     15.8G   0.02509   0.09476         0    0.1199      1652       640    0.9943    0.9408     0.946    0.7038   0.04426    0.4603         0
   120/149     15.8G   0.01972   0.09536         0    0.1151      3600       640    0.9952    0.9403    0.9459    0.7039    0.0438     0.468         0
   121/149     15.8G   0.02481   0.09493         0    0.1197      2026       640    0.9942    0.9407    0.9455    0.7053   0.04383    0.4672         0
   122/149     15.8G   0.02181   0.09488         0    0.1167      2740       640    0.9945    0.9406     0.946    0.7058   0.04395    0.4701         0
   123/149     15.8G   0.02236   0.09943         0    0.1218      2834       640    0.9949    0.9401     0.946     0.706   0.04413    0.4645         0
   124/149     15.8G   0.02263   0.09669         0    0.1193      2366       640     0.994      0.94    0.9458    0.7076   0.04416     0.462         0
   125/149     15.8G   0.02303   0.09806         0    0.1211      2959       640     0.994    0.9399    0.9455    0.7086   0.04381    0.4652         0
   126/149     15.8G   0.02338   0.09664         0      0.12      2916       640    0.9947    0.9405    0.9456    0.7085   0.04378    0.4687         0
   127/149     15.8G   0.02368   0.09659         0    0.1203      2011       640     0.995    0.9407    0.9458    0.7095   0.04387    0.4668         0
   128/149     15.8G   0.02207   0.09464         0    0.1167      2072       640    0.9947    0.9409    0.9462     0.709   0.04377    0.4664         0
   129/149     15.8G   0.02381   0.09523         0     0.119      3340       640    0.9948    0.9404    0.9461    0.7094   0.04376    0.4663         0
   130/149     15.8G   0.02344   0.09614         0    0.1196      2043       640    0.9943    0.9406    0.9459    0.7085   0.04371    0.4687         0
   131/149     15.8G   0.02168   0.09383         0    0.1155      2218       640    0.9956    0.9396    0.9458    0.7103   0.04374    0.4709         0
   132/149     15.8G   0.02192   0.09235         0    0.1143      2376       640    0.9938    0.9406    0.9458    0.7095   0.04379    0.4701         0
   133/149     15.8G   0.02185   0.09599         0    0.1178      2185       640    0.9943    0.9401    0.9457    0.7103   0.04365    0.4693         0
   134/149     15.8G   0.02226   0.09607         0    0.1183      3238       640    0.9951    0.9404     0.946    0.7109   0.04384    0.4711         0
   135/149     15.8G   0.02194   0.09538         0    0.1173      3120       640     0.995    0.9406    0.9461    0.7109   0.04384    0.4705         0
   136/149     15.8G   0.01981   0.09316         0     0.113      2843       640    0.9952    0.9407    0.9461    0.7115   0.04368     0.471         0
   137/149     15.8G   0.02397   0.09494         0    0.1189      2696       640    0.9946    0.9404     0.946    0.7116   0.04358    0.4705         0
   138/149     15.8G   0.02313   0.09542         0    0.1186      4058       640    0.9949    0.9401     0.946    0.7115   0.04357    0.4726         0
   139/149     15.8G   0.02211   0.09648         0    0.1186      2806       640    0.9954    0.9396    0.9458    0.7118   0.04368    0.4722         0
   140/149     15.8G   0.02426   0.09598         0    0.1202      2430       640    0.9947    0.9402    0.9458    0.7119   0.04374    0.4689         0
   141/149     15.8G    0.0205   0.09524         0    0.1157      2574       640    0.9947    0.9402    0.9458     0.712   0.04364    0.4702         0
   142/149     15.8G   0.01916   0.09348         0    0.1126      2670       640    0.9938    0.9401    0.9455    0.7122   0.04359     0.472         0
   143/149     15.8G   0.02149   0.09305         0    0.1145      1946       640    0.9947    0.9405    0.9459    0.7127   0.04357    0.4717         0
   144/149     15.8G   0.02018   0.09357         0    0.1137      2868       640    0.9944    0.9402    0.9457    0.7125    0.0436    0.4723         0
   145/149     15.8G   0.02012   0.09216         0    0.1123       794       640     0.995    0.9401    0.9459    0.7122    0.0436    0.4733         0
   146/149     15.8G   0.02062   0.09291         0    0.1135      3998       640    0.9946    0.9399    0.9457    0.7124   0.04361    0.4723         0
   147/149     15.8G   0.02272   0.09286         0    0.1156      3548       640    0.9937    0.9407    0.9457    0.7124    0.0437    0.4721         0
   148/149     15.8G   0.02338   0.09287         0    0.1163      1581       640    0.9943    0.9399    0.9457    0.7123   0.04371    0.4714         0
   149/149     15.8G    0.0203   0.09425         0    0.1145      4052       640    0.9945    0.9406    0.9461    0.7125   0.04366    0.4719         0
